
Welcome to the box shipment system
This is the resume of your shipment

--------------------------
  Number of containers: 1
  Number of boxes: 3

  Container 1
  Volume of boxes: 39

--------------------------
  Length: 10
  Width: 10
  Height: 5
  Number of boxes: 3

 Box 1
  ID_Box 2
  Length: 3
  Width: 2
  Height: 3
  Volume: 18

 Box 2
  ID_Box 3
  Length: 5
  Width: 3
  Height: 1
  Volume: 15

 Box 3
  ID_Box 4
  Length: 1
  Width: 3
  Height: 2
  Volume: 6

 Objects

 Layer 1
1 1 1 2 2 2 2 2 3 0 
1 1 1 2 2 2 2 2 3 0 
0 0 0 2 2 2 2 2 3 0 
0 0 0 0 0 0 0 0 0 0 
0 0 0 0 0 0 0 0 0 0 
0 0 0 0 0 0 0 0 0 0 
0 0 0 0 0 0 0 0 0 0 
0 0 0 0 0 0 0 0 0 0 
0 0 0 0 0 0 0 0 0 0 
0 0 0 0 0 0 0 0 0 0 


 Layer 2
1 1 1 0 0 0 0 0 3 0 
1 1 1 0 0 0 0 0 3 0 
0 0 0 0 0 0 0 0 3 0 
0 0 0 0 0 0 0 0 0 0 
0 0 0 0 0 0 0 0 0 0 
0 0 0 0 0 0 0 0 0 0 
0 0 0 0 0 0 0 0 0 0 
0 0 0 0 0 0 0 0 0 0 
0 0 0 0 0 0 0 0 0 0 
0 0 0 0 0 0 0 0 0 0 


 Layer 3
1 1 1 0 0 0 0 0 0 0 
1 1 1 0 0 0 0 0 0 0 
0 0 0 0 0 0 0 0 0 0 
0 0 0 0 0 0 0 0 0 0 
0 0 0 0 0 0 0 0 0 0 
0 0 0 0 0 0 0 0 0 0 
0 0 0 0 0 0 0 0 0 0 
0 0 0 0 0 0 0 0 0 0 
0 0 0 0 0 0 0 0 0 0 
0 0 0 0 0 0 0 0 0 0 


 Layer 4
0 0 0 0 0 0 0 0 0 0 
0 0 0 0 0 0 0 0 0 0 
0 0 0 0 0 0 0 0 0 0 
0 0 0 0 0 0 0 0 0 0 
0 0 0 0 0 0 0 0 0 0 
0 0 0 0 0 0 0 0 0 0 
0 0 0 0 0 0 0 0 0 0 
0 0 0 0 0 0 0 0 0 0 
0 0 0 0 0 0 0 0 0 0 
0 0 0 0 0 0 0 0 0 0 


 Layer 5
0 0 0 0 0 0 0 0 0 0 
0 0 0 0 0 0 0 0 0 0 
0 0 0 0 0 0 0 0 0 0 
0 0 0 0 0 0 0 0 0 0 
0 0 0 0 0 0 0 0 0 0 
0 0 0 0 0 0 0 0 0 0 
0 0 0 0 0 0 0 0 0 0 
0 0 0 0 0 0 0 0 0 0 
0 0 0 0 0 0 0 0 0 0 
0 0 0 0 0 0 0 0 0 0 


--------------------------

--------------------------
